%YAML:1.0
---
K: !!opencv-matrix
   rows: 3
   cols: 3
   dt: d
   data: [ 1.2565034878780700e+03, 0., 8.1315783409266817e+02, 0.,
       1.2578116763414025e+03, 5.8437898579593048e+02, 0., 0., 1. ]
D: !!opencv-matrix
   rows: 1
   cols: 5
   dt: d
   data: [ -1.5314870093603633e-01, 2.3279495010122753e-01,
       2.3211702899882725e-03, -3.1835438972875152e-03,
       -1.5065730947988390e-01 ]
board_width: 9
board_height: 6
square_size: 2.3729999065399170e+00
