%YAML:1.0
---
K: !!opencv-matrix
   rows: 3
   cols: 3
   dt: d
   data: [ 1.2504500311078746e+03, 0., 8.3638111615788944e+02, 0.,
       1.2520178330343306e+03, 5.7473710840362753e+02, 0., 0., 1. ]
D: !!opencv-matrix
   rows: 1
   cols: 5
   dt: d
   data: [ -1.2283193221047860e-01, 1.3927380005854148e-01,
       1.4454430138509358e-03, -4.6558117385480752e-04,
       -4.2404759916751897e-02 ]
board_width: 9
board_height: 6
square_size: 2.3730000481009483e-02
