%YAML:1.0
---
K8: !!opencv-matrix
   rows: 4
   cols: 4
   dt: f
   data: [ 6.17467821e-01, 3.77752542e-01, -6.89953983e-01,
       -4.42963371e+01, 1.89839453e-02, 8.69726777e-01, 4.93168324e-01,
       3.62252731e+01, 7.86366999e-01, -3.17613631e-01, 5.29857099e-01,
       4.19921532e+01, 0., 0., 0., 1. ]
K7: !!opencv-matrix
   rows: 4
   cols: 4
   dt: f
   data: [ 9.98670399e-01, 3.42739373e-02, -3.85043770e-02,
       8.12978208e-01, -1.26025686e-02, 8.86614978e-01, 4.62336391e-01,
       3.55010071e+01, 4.99846451e-02, -4.61236447e-01, 8.85868132e-01,
       4.22471695e+01, 0., 0., 0., 1. ]
K3: !!opencv-matrix
   rows: 4
   cols: 4
   dt: f
   data: [ -6.39410257e-01, -3.35515976e-01, 6.91797316e-01,
       4.35030518e+01, 5.16555011e-02, 8.78984571e-01, 4.74044085e-01,
       3.90790215e+01, -7.67128527e-01, 3.38843822e-01, -5.44700503e-01,
       -3.88940353e+01, 0., 0., 0., 1. ]
K2: !!opencv-matrix
   rows: 4
   cols: 4
   dt: f
   data: [ -9.99919176e-01, 6.92091882e-03, 1.06623070e-02,
       2.82392454e-01, 1.21565014e-02, 7.65799761e-01, 6.42964125e-01,
       3.89629669e+00, -3.71528883e-03, 6.43041849e-01, -7.65821934e-01,
       -3.88929672e+00, 0., 0., 0., 1. ]
K1: !!opencv-matrix
   rows: 4
   cols: 4
   dt: f
   data: [ -6.85132682e-01, 3.90124440e-01, -6.15139186e-01,
       -4.36003571e+01, -2.56551504e-02, 8.31038415e-01, 5.55623174e-01,
       3.92577209e+01, 7.27966368e-01, 3.96457076e-01, -5.59362948e-01,
       -3.89869652e+01, 0., 0., 0., 1. ]
K5: !!opencv-matrix
   rows: 4
   cols: 4
   dt: f
   data: [ 1.09078586e-02, -4.82702285e-01, 8.75716567e-01,
       4.27632523e+01, 2.72220075e-02, 8.75587463e-01, 4.82291996e-01,
       3.90533295e+01, -9.99569893e-01, 1.85779780e-02, 2.26909220e-02,
       5.32222725e-02, 0., 0., 0., 1. ]
K9: !!opencv-matrix
   rows: 4
   cols: 4
   dt: f
   data: [ -3.55154574e-02, 5.87968588e-01, -8.08103681e-01,
       -4.38126297e+01, -9.96518731e-02, 8.02500248e-01, 5.88271141e-01,
       3.92137833e+01, 9.94388342e-01, 1.01421773e-01, 3.00909579e-02,
       2.79121351e+00, 0., 0., 0., 1. ]
K6: !!opencv-matrix
   rows: 4
   cols: 4
   dt: f
   data: [ 7.43625939e-01, -2.70893961e-01, 6.11258507e-01,
       4.33525696e+01, -7.73216709e-02, 8.73263776e-01, 4.81073529e-01,
       3.51689720e+01, -6.64109826e-01, -4.05002266e-01, 6.28435612e-01,
       4.32656403e+01, 0., 0., 0., 1. ]
K4: !!opencv-matrix
   rows: 4
   cols: 4
   dt: f
   data: [ -1., 0., -8.74227766e-08, 12., 0., 1., 0., 0., 8.74227766e-08,
       0., -1., 0., 0., 0., 0., 1. ]
w: 1664
h: 1088
fps: 360
threshold: 200
exposure: 400
intensity: 10
Mode: 2
