%YAML:1.0
---
K: !!opencv-matrix
   rows: 3
   cols: 3
   dt: d
   data: [ 1.2857378548985425e+03, 0., 8.4444799544677426e+02, 0.,
       1.2881415450253648e+03, 5.6894260660900795e+02, 0., 0., 1. ]
D: !!opencv-matrix
   rows: 1
   cols: 5
   dt: d
   data: [ -1.1000194509862828e-01, 1.3100695588174108e-01,
       -1.3561938942067667e-03, 1.0807798594513081e-03,
       -3.6112358304028820e-02 ]
board_width: 9
board_height: 6
square_size: 2.3730000481009483e-02
