%YAML:1.0
---
K: !!opencv-matrix
   rows: 3
   cols: 3
   dt: d
   data: [ 1.2486910446433503e+03, 0., 8.3830220156448183e+02, 0.,
       1.2501477559315435e+03, 5.7603222450306578e+02, 0., 0., 1. ]
D: !!opencv-matrix
   rows: 1
   cols: 5
   dt: d
   data: [ -1.2173930088536548e-01, 1.3115526126086133e-01,
       1.5395763362991324e-03, -7.1453160548565689e-05,
       -3.1375485035732516e-02 ]
board_width: 9
board_height: 6
square_size: 2.3730000481009483e-02
