%YAML:1.0
---
K6: !!opencv-matrix
   rows: 4
   cols: 4
   dt: f
   data: [ 7.45241761e-01, -2.70872861e-01, 6.09296918e-01,
       4.33102837e+01, -7.51979053e-02, 8.73799264e-01, 4.80437547e-01,
       3.51435280e+01, -6.62540674e-01, -4.03859943e-01, 6.30822599e-01,
       4.33524399e+01, 0., 0., 0., 1. ]
K5: !!opencv-matrix
   rows: 4
   cols: 4
   dt: f
   data: [ -1., 0., -8.74227766e-08, 4., 0., 1., 0., 0., 8.74227766e-08,
       0., -1., 0., 0., 0., 0., 1. ]
K9: !!opencv-matrix
   rows: 4
   cols: 4
   dt: f
   data: [ -3.47689688e-02, 5.88356435e-01, -8.07853878e-01,
       -4.38301773e+01, -1.01806566e-01, 8.02052498e-01, 5.88512897e-01,
       3.91718712e+01, 9.94196475e-01, 1.02706805e-01, 3.20120156e-02,
       2.84400082e+00, 0., 0., 0., 1. ]
K5: !!opencv-matrix
   rows: 4
   cols: 4
   dt: f
   data: [ 1.13323629e-02, -4.82453346e-01, 8.75848413e-01,
       4.27369537e+01, 2.84944624e-02, 8.75704765e-01, 4.82005537e-01,
       3.90847816e+01, -9.99529719e-01, 1.94945782e-02, 2.36710608e-02,
       1.33957505e-01, 0., 0., 0., 1. ]
K3: !!opencv-matrix
   rows: 4
   cols: 4
   dt: f
   data: [ -6.38233483e-01, -3.36874723e-01, 6.92223668e-01,
       4.34645805e+01, 5.29161096e-02, 8.77851665e-01, 4.76000577e-01,
       3.91494637e+01, -7.68022180e-01, 3.40429276e-01, -5.42448223e-01,
       -3.87942467e+01, 0., 0., 0., 1. ]
K8: !!opencv-matrix
   rows: 4
   cols: 4
   dt: f
   data: [ 6.16645217e-01, 3.77255321e-01, -6.90960944e-01,
       -4.43624458e+01, 1.87232625e-02, 8.70422840e-01, 4.91948575e-01,
       3.61424065e+01, 7.87018418e-01, -3.16294789e-01, 5.29678643e-01,
       4.20603867e+01, 0., 0., 0., 1. ]
K1: !!opencv-matrix
   rows: 4
   cols: 4
   dt: f
   data: [ -6.85426772e-01, 3.90629470e-01, -6.14490628e-01,
       -4.35961304e+01, -2.89855599e-02, 8.28609765e-01, 5.59075773e-01,
       3.92874985e+01, 7.27564454e-01, 4.01016861e-01, -5.56628764e-01,
       -3.89258728e+01, 0., 0., 0., 1. ]
K7: !!opencv-matrix
   rows: 4
   cols: 4
   dt: f
   data: [ 9.98666406e-01, 3.38718444e-02, -3.89646888e-02,
       7.59331644e-01, -1.21254595e-02, 8.87472868e-01, 4.60700542e-01,
       3.54463882e+01, 5.01848757e-02, -4.59613651e-01, 8.86699975e-01,
       4.23199272e+01, 0., 0., 0., 1. ]
K2: !!opencv-matrix
   rows: 4
   cols: 4
   dt: f
   data: [ -9.99931991e-01, 6.20605983e-03, 9.88167897e-03,
       2.80552101e+00, 1.11124571e-02, 7.64835298e-01, 6.44130111e-01,
       3.90219917e+01, -3.56034702e-03, 6.44196033e-01, -7.64852107e-01,
       -3.88319740e+01, 0., 0., 0., 1. ]
w: 1664
h: 1088
fps: 240
threshold: 200
exposure: 2577
intensity: 10
Mode: 1
